[ [3,3,0,0,o],
  [2,2,1,1,d],
  [3,2,0,1,o],
  [3,0,0,3,d],
  [3,1,0,2,o],
  [1,1,2,2,d],
  [2,2,1,1,o],
  [0,2,3,1,d],
  [0,3,3,0,o],
  [0,1,3,2,d],
  [0,2,3,1,o],
  [0,0,3,3,d]
]
true ;
[ [3,3,0,0,o],
  [2,2,1,1,d],
  [3,2,0,1,o],
  [3,0,0,3,d],
  [3,1,0,2,o],
  [1,1,2,2,d],
  [2,2,1,1,o],
  [0,2,3,1,d],
  [0,3,3,0,o],
  [0,1,3,2,d],
  [1,1,2,2,o],
  [0,0,3,3,d]
]
true ;
[ [3,3,0,0,o],
  [3,1,0,2,d],
  [3,2,0,1,o],
  [3,0,0,3,d],
  [3,1,0,2,o],
  [1,1,2,2,d],
  [2,2,1,1,o],
  [0,2,3,1,d],
  [0,3,3,0,o],
  [0,1,3,2,d],
  [0,2,3,1,o],
  [0,0,3,3,d]
]
